* Population Division of the United Nations Department of Economic and Social Affairs (2014). "2012 Revision of the World Population Prospects"
* http://esa.un.org/unpd/wpp/Excel-Data/population.htm
* downloaded June, 2014
*
table popa_eppa(r,t)

	2007	2010	2015	2020	2025	2030	2035	2040	2045	2050	2055	2060	2065	2070	2075	2080	2085	2090	2095	2100
USA	301.62	309.35	321.36	333.90	346.41	358.47	369.66	380.02	389.93	399.80	409.87	420.27	428.46	436.09	442.89	448.79	453.90	458.32	462.01	464.84
CAN	34.19	34.13	35.87	37.61	39.18	40.62	41.88	43.04	44.14	45.23	46.21	47.11	47.94	48.69	49.35	49.90	50.33	50.64	50.83	50.88
MEX	110.55	117.89	125.24	131.95	138.19	143.66	148.23	151.82	154.44	156.10	156.90	156.86	156.08	154.70	152.89	150.72	148.22	145.48	142.61	139.79
JPN	133.38	127.35	126.82	125.38	123.26	120.62	117.66	114.52	111.36	108.33	105.43	102.51	99.48	96.46	93.65	91.26	89.24	87.48	85.92	84.47
ANZ	36.59	37.50	40.29	43.05	45.78	48.47	50.83	52.99	54.95	56.63	58.18	59.34	60.35	61.29	62.14	62.94	63.56	64.05	64.46	64.78
EUR	514.53	522.04	528.41	533.06	535.85	537.12	537.15	536.35	534.83	532.53	529.03	524.62	519.94	515.62	511.92	508.81	506.07	503.47	500.72	497.51
ROE	232.28	230.26	237.19	243.82	247.98	251.35	254.14	256.19	257.17	256.37	254.69	252.17	249.25	245.92	241.81	237.12	232.66	229.22	226.09	222.96
RUS	143.48	143.62	142.10	140.01	136.97	133.56	130.20	127.00	123.94	120.90	117.88	115.02	112.42	110.09	108.09	106.43	105.12	104.04	103.01	101.88
ASI	212.68	216.37	228.83	240.61	251.84	262.08	270.94	278.30	284.27	288.97	292.49	294.86	297.45	299.00	299.70	299.72	299.23	298.31	297.07	295.57
CHN	1345.45	1367.41	1409.48	1441.04	1457.39	1461.88	1457.29	1444.26	1422.88	1393.78	1359.23	1322.00	1284.93	1249.09	1214.15	1181.25	1153.50	1131.44	1112.31	1093.32
IND	1181.36	1205.62	1282.39	1353.31	1418.74	1476.38	1525.37	1565.51	1596.88	1620.05	1635.45	1643.52	1644.75	1640.13	1630.68	1617.47	1601.61	1584.18	1565.81	1546.83
BRA	192.32	195.21	203.66	211.10	217.52	222.75	226.71	229.40	230.86	231.12	230.26	228.38	225.57	221.98	217.80	213.20	208.41	203.64	198.98	194.53
AFR	958.13	1031.08	1166.24	1312.14	1467.97	1634.37	1811.64	1998.82	2193.58	2393.17	2595.07	2797.34	2998.12	3195.25	3386.54	3569.54	3742.35	3903.24	4051.02	4184.58
MES	201.55	210.95	232.53	253.45	273.49	292.26	310.51	327.85	343.99	359.08	372.47	384.29	394.45	402.13	407.19	411.15	415.25	419.26	422.31	424.29
LAM	273.95	276.61	294.14	310.91	326.78	341.11	353.60	364.09	372.85	379.59	384.61	387.87	389.22	389.45	388.92	387.60	385.09	381.18	376.68	371.95
REA	594.87	601.68	644.78	685.22	722.45	754.57	781.83	804.92	823.31	836.88	844.59	846.66	844.49	838.45	830.01	818.94	805.30	790.06	774.79	759.80
KOR	48.28	48.45	49.75	50.77	51.60	52.19	52.43	52.27	51.78	51.03	50.08	48.96	47.75	46.51	45.28	44.13	43.07	42.14	41.30	40.55
IDZ	234.01	240.68	255.71	269.41	282.01	293.48	303.38	311.33	317.28	321.38	324.05	325.63	326.36	326.49	326.14	325.21	323.58	321.24	318.35	315.30

;

$ontext
2004	2005	
889.8	910.7	
33.0	33.5	
473.8	479.7	
183.9	186.0	
31.9	32.3	
1307.4	1314.4	
501.1	503.3	
1123.0	1140.0	
126.3	126.4	
261.2	264.7	
185.5	190.1	
105.2	106.5	
543.6	551.7	
225.3	226.3	
144.3	143.8	
294.1	296.8	
$offtext


